P 1 1
P 2 1
P 4 1
P 4 9
P 10 20
P 11 590
P 11 567
P 12 89
P 13 56
P 20 40
P 23 400
P 23 204
P 24 42
P 25 97
P 34 90
P 34 421
P 43 435
P 43 542
P 50 200
P 52 599
P 59 321
P 63 24
P 63 24
P 75 75
P 77 111
P 79 34
P 99 68
P 99 18
P 100 25
P 100 200
P 100 100
P 100 100
P 100 200
P 103 200
P 120 459
P 123 456
P 123 456
P 123 432
P 124 592
P 131 11
P 147 190
P 147 187
P 150 200
P 164 361
P 167 167
P 193 64
P 193 370
P 197 328
P 200 200
P 200 200
P 200 200
P 200 200
P 200 300
P 200 400
P 200 200
P 200 300
P 200 400
P 200 100
P 200 200
P 213 478
P 233 263
P 233 276
P 234 77
P 243 85
P 250 250
P 283 233
P 283 200
P 289 290
P 292 341
P 300 200
P 300 200
P 312 12
P 324 65
P 324 93
P 330 229
P 331 179
P 342 541
P 342 521
P 345 197
P 398 93
P 400 200
P 400 100
P 400 100
P 412 324
P 432 275
P 432 453
P 432 43
P 456 123
P 469 413
P 543 212
P 543 432
P 567 234
P 591 591
E 1 1 2 1
E 2 1 4 9
E 4 9 11 590
E 11 590 12 89
E 12 89 20 40
E 20 40 23 204
E 23 204 25 97
E 25 97 34 421
E 34 421 43 542
E 43 542 52 599
E 52 599 63 24
E 63 24 75 75
E 75 75 79 34
E 79 34 99 18
E 99 18 100 200
E 100 200 100 100
E 100 100 103 200
E 103 200 123 456
E 123 456 123 432
E 123 432 131 11
E 131 11 147 187
E 147 187 164 361
E 164 361 193 64
E 193 64 197 328
E 197 328 200 200
E 200 200 200 200
E 200 200 200 400
E 200 400 200 300
E 200 300 200 100
E 200 100 213 478
E 213 478 233 276
E 233 276 243 85
E 243 85 283 233
E 283 233 289 290
E 289 290 300 200
E 300 200 312 12
E 312 12 324 93
E 324 93 331 179
E 331 179 342 521
E 342 521 398 93
E 398 93 400 100
E 400 100 412 324
E 412 324 432 453
E 432 453 456 123
E 456 123 543 212
E 543 212 567 234
E 567 234